$ANSIBLE_VAULT;1.1;AES256
32643564663332643663383332346435353432613035626330663933643666616635666339353066
6565653537636438636436353838303136323237366665380a613263393461343062346631376239
62633139643634343533336433623465313564643839363932316430366564663836326664656561
3837303532353461640a643139373263613234306162656265313734343864653266373363616563
31616539306630323664316365323439643830306266313037623232643362336437633039663435
37646537646261633535613632646265353136386138333135333161326530643762313364636164
34373466303231393334643738363935326336616166353661343565623463663662313735333132
39653530643665646664633330306535386431663131346136363931663765313630316530346666
34326536663936376363653763353764383238613362313933323962316464333466663939343533
65376437366631343435663762303865623437323964613830653064393437346432656363353337
30663632356638396561393462363033346433346636666262313738366232656562636538386364
62313935333730356230313933303432356266353039383132346139306136633234333565356563
61336265626237643132313962626334326662393139316132623431323637653339633932323263
35326266346264306536313531306561616239636566663633346135636437333930326533646561
34323861343766623765373633373039613062353465623362383464613732663837326335646230
39313362613466396639396232323166326462396534353764643366643033313339376666623530
32656565373931666663343461376132656334646439383931333234656231383131363831383463
38303831663262613033623862363039303133316236333032323738353430343530666439346433
65623336386331353736623632363237633531326538633535336434636538303831643165646363
31326265366163626532626662663763323138633031313837666132303835646563393333613761
39316530663165623339306432366237356166346262336232666535663838633664343939336163
34653338356437353734396361666161643866656530376431633761303236336636333930343137
61613138393466396466636564333832636262646330336361353338333664306366383634303638
38323036373537373062366239363461396662353334393763633461383431336239336563313866
32636131613131613133643239666565373136376236636562383134326139343736313234646565
34613434393066656133626533623431373639613762316337643630366136653362373136363765
36383235623861306335623061633561326639326365396164383933393033636131613233626564
61343536353832373834373565643338373964353535346138656231376464373535626134376536
65363638393938343437656632393539396461373965653439363933646136333637353264643064
37623931396563336531323836393038343137306436653930656363653639666333386430636330
34653738326334616538316337396466323966383536356636306364363131616131396633363966
30643536306436353661653765616166313764623863333632666337313231326637663036656239
61623763653562643936333132623166303336363664633536626239333931303363383263326230
63373231636362316234653730313063396437383438366435393430623233363635643131373231
65316135303034333231343334643136663536643562336536623035326136323666393062643064
31383263663366323932353131393331633131356165363566386465666238613733303036376630
33616637356361646133353938356538353066373931383139393064613039623262373061323932
32616264623538643332623833646566666663313165663937666539653431383764393933643761
30386664643133333538613563383937396665613730646162323939326361386364653430313463
66393364643038633733323561376662616538306561633066393034383239336466316661613964
35613935333639643837653465383166343064343138313136353431353539333066373938643263
64333738386535666537663230626637353037623639643965376436363438363262323736333565
33323765363538376464373065323931316661376262396363316661363933656638326238656363
63313362353264653063346161373735303037303332356364623231303637326639653239363332
65646338333436386465643132663931366236623539376666636437333335636161323030373734
34613332383336633230626464306366306262373466643230326262353366393866666437313863
30373061336335653264316165316638383661333835656231373735363362313630616662666566
61363566653462633736613562366630393435663439626539613961313661623936636338366439
65383966663164356531333361313531393465623661373637363937663839333461383365326464
33353337306266333061646634633334343732393963343363396162636336306135326239373735
39636238343765363030396461643432373336393061393930333338616630316364316364623363
61346430306130636563343834653631626566663432303361633062316438616532356566633835
30613637616163363039656437336562343138396331666666623731363832323030346665383834
34313761373863306431333563396661626365393133343533363563336566353637613836663465
38613536323165646333623566306232343636376339316432373562316266626434336133333039
32633766316232656238626163633635366134626362633434393666343535346139343566643662
66343332626236376566666565633362623533383266323433363635316631383239313864653932
33303537663361383136363862376239326239643738306439366661343939353636636563353734
63336666396639663164613538323161623335383563666135623838633262653431653666643035
61663063336539663364373831336664353435356637313836393734396435313534313630333837
36323635336465326362613464303463643836313766393163396239646336666635333731343830
34396335396561376365323839626431346364396531666535383838316334323938373963333763
39643835393538356431616164343862633965396135336638623437633662653532306664613265
32336565393134616565653630343533343035313434303239663838363065323833373938303333
38376265366663653061316231666139333361333961323731636537376464323061373264363261
37316337343963343236363132623462306263663431376566643930333864303464643539643263
31396466363063333661646536373761386266633236313133363165363236663636383136303732
61616335633339376166663964316164333534646139303562663732323334336230663365653238
38663632353538396637353635626233383661393237353864356564353132313835356333326435
64343936393465363736343165633062393162643761663734613064323532623731336432653261
62346130376264373939363931626664656238663635393737306430333038386337393962616131
63326361633963376230613736643637633063353336613630636539646330346462643663626239
63313363353939343438303632626230343964343935366630633063643463396366313265346637
62343734316364343231343238323464323933623965623230356538393434383363303836633966
62643335636630656431333731326539383235626639363763333530336636336162343965626330
38343637303861326635356537633835666339373636643232343537663438656630636635336536
37626264386537643431623361653431616239343533336332336234303230363831316262656237
63383939653330383038353131643463626563616435623031643365346630333032393163383033
37653539373931643362313033386234393166306437346631356332326439316165303366353665
38633763303864343737303530366431363836303033333036363235363838613362313565393339
31333732396534653266313166346135653633363663643663633362343136626130356233303363
36343834383835613639373638613866343365356139373237363634646636636537616537343563
38336338316631383461303737366563323563656338656238656139663564313735633261313230
30653338383765653065356631313734323931633532623762336534656637323231353866383437
65653336653762356563313438613963636565626435613835313739376238323735326633303831
34373266633131363564313761383039646264653030303563316138633365316234386532633462
31383466323766353633636462333965316535383037343936656562363239343334623232376465
64333231346238396261373062613234326234633666323035316132613464393932646432363132
65613835633936356333663339336361383231653330303761653666653865356531663739643861
31643464666134366366326434303538393434393138313237653264353463343235393530333738
31373361353632333431623435373262616466386337373665393566656463333561626537363363
63303235393630386665373264636530376461396434393663346264353639616264376532363331
62343163363438323565313566623630306462353064323539636666643330316464363363616466
62643135396663623463626234386666646237633435393466303266303332383364343633626663
62313532333961353132353565386538626261656162653663393964316563626430373963376462
36356432383630393163326435646165306336633530313236323432313234343938303735333234
30316363663565663366666337663135653432626631343730376236656633636431346433346366
35333834313339313437643463353637633537336361306363373832306166356666626330643438
62373661366630326334626635636631653531633336343439363838653765363063356262313561
30643161316362313865376331623064386131653935643639663135623764616531623234663362
37376332366132316362336639663336326361353938656436666465626661326532303438616435
32613638306531393231323233663663623735343263666364623335623034373133666362366136
38343831656665306564613866396361323231343736666631316261613066386431653039656137
32313062353064373735616537393761393661626638636232363239376137363535376163303234
38653939373063326531313833656331643735323262663064613563383231393361316433646263
31353139336561323937623130656261303634313361353135306564666130363739623830353637
61336131663133643262383363316133623135393165373862346437353362333835653039346331
36316433663364366161343263623231626534633231323466636435666562663765323634636166
35303266663861373366306439336235383966653135326230333932343830303936316465393537
39376466343866666436313962633432643661366130356539393436656266663763336465656164
62396565633035383137653134643463336438346162633836663732303562383038623465313637
65393336313364343364303537313439633839356235636566643864616533303134653732626139
61323337666230393138663439316334383936653137393466316331346631616436613866373964
63393466613730336665323231633930383266393630393836636164386462356364636463313930
32303932396263313366363335666162636135353536646432663263346438626236363561656262
64313662393936323336663632316130626532646132656639363365616565373265333163396162
30333236366331623131376239653035633334663561346636346235656563303263373662663663
30336265396331626436353431636137333763313635396532363265386232366265646334663434
37396138306432386133326334623137613532343237323634346262363232653630633738396363
39633435653361353162333837383361303966633131366336356236346238303435306531316464
34623534376532643166336437336564613366373365323365346431383464383464333062386266
39646234663866623861363431646661653732326236306461303330393130643634353234383435
31343134386335643737663934353233623563633533313738656562333964346162643031623833
62313430356434633232633564653435613462343630343764386636383833313961323161396230
31343465653463313264306630643963613862613837393563323936343638346435373066323931
31303264363633323630393630366662323732653832663364306661646630306366376331316330
61333830646535313138346164623862396437653164396532373030613961313830623837613963
34343565656236313161633536353863653364626235386132383463396435303736646464333833
30376139363133336463353533343636346164633465313762336335336133333064343734633865
62666363653461313761303636633062646336353632663365303961346362646133663265323135
32666362356131633462386536353161356264336361666662353664643439623266636636656165
64353564633034333631333965393436323564323238656332353064323366623463323364653631
35343433663136386133656438353337656537656433363065653734623831613137623162306163
31626335633366623438353365643231613936643765356238383639663930646635653034376132
63336266626438373138316234393738623630616335623732653264633837633337343332316463
38633738643533303164373830353431643837353439346635346166353065386234346161353666
35626465623632363830323433376464306435313335656233363935303966326239393162623033
63383836633161363333346134356638303836646435633031333966613530313165346566323365
66396433616231386430343163393636653430326635643831383930386630626635363335323139
34626565363237303037326438323436373635366339616533366235656232643530346435303662
65333866383138613065366634396265633432356139323362653132363237343462373239656133
61333164396133383864386363633261336364656437316633316230343766316665633964313462
62633439383562636465663035346333336332646233313538376131383934393636323236613534
32663735333731313731363536316166366230656531306261313736343964383762326632643863
65353336396433316630656661616265366166363338346530393031643636303064353165636430
32633662646537373763376134666238376130336538336363363035393533663331386331623438
65346330663462316635636565396466636334326233313861303332303333633530653436343535
61333436383864323631303161396437373463326664323430376234346232646331313338396133
30393166386630376162326162353261373865663366356633336335646436646463643931626634
35316163643637303337313862306630343733386363656361353537363735633133303137306331
31353932323534336337306435303637316264636165643332326630376536343164303832336131
61653732653065363464363539643130633238376333643733663061653262386433346233643639
65643037653261666165396365373232366664336464616535333038306335313436616531313661
62666631393934316333373931356561323737316330623236633763356339316634393435383737
34353534626561323935343930323635326234656138613635333762633434656433303830633964
63623531616637326531633035326531363463616261623631393762353937396330613764353235
62383637316535356164626635393964626438303530353766633136326465333861383139306131
30343932343038376436626431656361643731353834306263383966616430323937306530393864
65363365306636336363383834333361643061623564333537313738316561366265626564386633
33643663623761626566393762326338303163333432383563326635623536613639616130396636
39623531336233613532373265303539643436623464376635373063386531303863623837383136
32393561393334303866333863386633323766376366656239346462626338326339633038366465
39373534653364373235383864623962626566613130306261323936653834343533313962663732
37383338323731333235643464316334333262346239303331396165643461323833393134333634
37316533323861313431343664376165373063376636346366613564393334343163336537626364
38653039333436333839326234383035333164653838346432646265393637343536303736363032
39373835633164623437623734333338616233393437396130636566383439353532306332343038
37626437336132373961306531356439306262393739316434396562353861346262363864383161
31626463653563653138613239623931633863396135353563316663646138373630636636646433
63653539373535623265306239383866383963336466306665373231306639663934616330393563
36623133333136663032313832663334323231666566323838336133313334353934336136326565
34306437636231376464643036343165656534663436613134356637316433303036356262343738
38636265303335336363636164333066663338343264363535396330373237666236643966376164
66396135613434666363633235363136626438623637613536303339643637353335386334333237
653537396230616131336335346538626139
